   0.0411301352   -0.0237464946
   0.0000000000    0.0474929893
  -0.0411301352    0.1187324732
  -0.0822602704    0.1899719571
  -0.0000000000   -0.0949859786
  -0.0411301352   -0.0237464946
  -0.0822602704    0.0474929893
  -0.1233904056    0.1187324732
  -0.1645205409    0.1899719571
  -0.0411301352   -0.1662254625
  -0.0822602704   -0.0949859786
  -0.1233904056   -0.0237464946
  -0.1645205409    0.0474929893
  -0.2056506761    0.1187324732
  -0.0822602704   -0.2374649464
  -0.1233904056   -0.1662254625
  -0.1645205409   -0.0949859786
  -0.2056506761   -0.0237464946
  -0.2467808113    0.0474929893
   0.1233904056   -0.0237464946
   0.0822602704   -0.0949859786
   0.0411301352   -0.1662254625
  -0.0000000000   -0.2374649464
   0.2056506761   -0.0237464946
   0.1645205409   -0.0949859786
   0.1233904056   -0.1662254625
   0.0822602704   -0.2374649464
   0.0822602704    0.0474929893
   0.1645205409    0.0474929893
   0.2467808113    0.0474929893
   0.0411301352    0.1187324732
   0.1233904056    0.1187324732
   0.2056506761    0.1187324732
   0.0000000000    0.1899719571
   0.0822602704    0.1899719571
   0.1645205409    0.1899719571
