   0.0472234886   -0.0272644938
   0.0000000000    0.0545289877
  -0.0472234886    0.1363224692
  -0.0944469772    0.2181159507
  -0.0000000000   -0.1090579754
  -0.0472234886   -0.0272644938
  -0.0944469772    0.0545289877
  -0.1416704657    0.1363224692
  -0.1888939543    0.2181159507
  -0.0472234886   -0.1908514569
  -0.0944469772   -0.1090579754
  -0.1416704657   -0.0272644938
  -0.1888939543    0.0545289877
  -0.2361174429    0.1363224692
  -0.0944469772   -0.2726449384
  -0.1416704657   -0.1908514569
  -0.1888939543   -0.1090579754
  -0.2361174429   -0.0272644938
  -0.2833409315    0.0545289877
   0.1416704657   -0.0272644938
   0.0944469772   -0.1090579754
   0.0472234886   -0.1908514569
  -0.0000000000   -0.2726449384
   0.2361174429   -0.0272644938
   0.1888939543   -0.1090579754
   0.1416704657   -0.1908514569
   0.0944469772   -0.2726449384
   0.0944469772    0.0545289877
   0.1888939543    0.0545289877
   0.2833409315    0.0545289877
   0.0472234886    0.1363224692
   0.1416704657    0.1363224692
   0.2361174429    0.1363224692
   0.0000000000    0.2181159507
   0.0944469772    0.2181159507
   0.1888939543    0.2181159507
