   0.0510013677    0.0294456534
   0.0000000000    0.1177826134
  -0.0510013677    0.2061195735
  -0.1020027353    0.2944565335
   0.0000000000   -0.0588913067
  -0.0510013677    0.0294456534
  -0.1020027353    0.1177826134
  -0.1530041030    0.2061195735
  -0.0510013677   -0.1472282668
  -0.1020027353   -0.0588913067
  -0.1530041030    0.0294456534
  -0.2040054707    0.1177826134
  -0.1020027353   -0.2355652268
  -0.1530041030   -0.1472282668
  -0.2040054707   -0.0588913067
  -0.2550068383    0.0294456534
  -0.2040054707   -0.2355652268
  -0.2550068383   -0.1472282668
  -0.3060082060   -0.0588913067
   0.1530041030    0.0294456534
   0.1020027353   -0.0588913067
   0.0510013677   -0.1472282668
  -0.0000000000   -0.2355652268
   0.2550068383    0.0294456534
   0.2040054707   -0.0588913067
   0.1530041030   -0.1472282668
   0.1020027353   -0.2355652268
   0.3060082060   -0.0588913067
   0.2550068383   -0.1472282668
   0.2040054707   -0.2355652268
   0.1020027353    0.1177826134
   0.2040054707    0.1177826134
   0.0510013677    0.2061195735
   0.1530041030    0.2061195735
   0.0000000000    0.2944565335
   0.1020027353    0.2944565335
