   0.0554362692    0.0320061449
   0.0000000000    0.1280245798
  -0.0554362692    0.2240430146
  -0.1108725384    0.3200614495
   0.0000000000   -0.0640122899
  -0.0554362692    0.0320061449
  -0.1108725384    0.1280245798
  -0.1663088076    0.2240430146
  -0.0554362692   -0.1600307247
  -0.1108725384   -0.0640122899
  -0.1663088076    0.0320061449
  -0.2217450768    0.1280245798
  -0.1108725384   -0.2560491596
  -0.1663088076   -0.1600307247
  -0.2217450768   -0.0640122899
  -0.2771813460    0.0320061449
  -0.2217450768   -0.2560491596
  -0.2771813460   -0.1600307247
  -0.3326176152   -0.0640122899
   0.1663088076    0.0320061449
   0.1108725384   -0.0640122899
   0.0554362692   -0.1600307247
  -0.0000000000   -0.2560491596
   0.2771813460    0.0320061449
   0.2217450768   -0.0640122899
   0.1663088076   -0.1600307247
   0.1108725384   -0.2560491596
   0.3326176152   -0.0640122899
   0.2771813460   -0.1600307247
   0.2217450768   -0.2560491596
   0.1108725384    0.1280245798
   0.2217450768    0.1280245798
   0.0554362692    0.2240430146
   0.1663088076    0.2240430146
   0.0000000000    0.3200614495
   0.1108725384    0.3200614495
