   0.0607159139    0.0350543492
   0.0000000000    0.1402173969
  -0.0607159139    0.2453804446
   0.0000000000   -0.0701086985
  -0.0607159139    0.0350543492
  -0.1214318278    0.1402173969
  -0.1821477417    0.2453804446
  -0.0607159139   -0.1752717461
  -0.1214318278   -0.0701086985
  -0.1821477417    0.0350543492
  -0.2428636555    0.1402173969
  -0.1214318278   -0.2804347938
  -0.1821477417   -0.1752717461
  -0.2428636555   -0.0701086985
  -0.3035795694    0.0350543492
  -0.3035795694   -0.1752717461
   0.1821477417    0.0350543492
   0.1214318278   -0.0701086985
   0.0607159139   -0.1752717461
  -0.0000000000   -0.2804347938
   0.3035795694    0.0350543492
   0.2428636555   -0.0701086985
   0.1821477417   -0.1752717461
   0.1214318278   -0.2804347938
   0.3035795694   -0.1752717461
   0.1214318278    0.1402173969
   0.2428636555    0.1402173969
   0.0607159139    0.2453804446
   0.1821477417    0.2453804446
   0.0000000000    0.3505434923
