   0.0671070627   -0.0387442807
   0.0000000000    0.0774885614
  -0.0671070627    0.1937214036
  -0.1342141254    0.3099542458
  -0.0000000000   -0.1549771229
  -0.0671070627   -0.0387442807
  -0.1342141254    0.0774885614
  -0.2013211882    0.1937214036
  -0.0671070627   -0.2712099651
  -0.1342141254   -0.1549771229
  -0.2013211882   -0.0387442807
  -0.2684282509    0.0774885614
  -0.3355353136    0.1937214036
  -0.2013211882   -0.2712099651
  -0.2684282509   -0.1549771229
  -0.3355353136   -0.0387442807
   0.2013211882   -0.0387442807
   0.1342141254   -0.1549771229
   0.0671070627   -0.2712099651
  -0.0000000000   -0.3874428072
   0.3355353136   -0.0387442807
   0.2684282509   -0.1549771229
   0.2013211882   -0.2712099651
   0.1342141254    0.0774885614
   0.2684282509    0.0774885614
   0.0671070627    0.1937214036
   0.2013211882    0.1937214036
   0.3355353136    0.1937214036
   0.0000000000    0.3099542458
   0.1342141254    0.3099542458
