   0.0750020113   -0.0433024314
   0.0000000000    0.0866048628
  -0.0750020113    0.2165121570
  -0.1500040225    0.3464194512
  -0.0000000000   -0.1732097256
  -0.0750020113   -0.0433024314
  -0.1500040225    0.0866048628
  -0.2250060338    0.2165121570
  -0.0750020113   -0.3031170198
  -0.1500040225   -0.1732097256
  -0.2250060338   -0.0433024314
  -0.3000080451    0.0866048628
  -0.3750100564    0.2165121570
  -0.2250060338   -0.3031170198
  -0.3000080451   -0.1732097256
  -0.3750100564   -0.0433024314
   0.2250060338   -0.0433024314
   0.1500040225   -0.1732097256
   0.0750020113   -0.3031170198
  -0.0000000000   -0.4330243140
   0.3750100564   -0.0433024314
   0.3000080451   -0.1732097256
   0.2250060338   -0.3031170198
   0.1500040225    0.0866048628
   0.3000080451    0.0866048628
   0.0750020113    0.2165121570
   0.2250060338    0.2165121570
   0.3750100564    0.2165121570
   0.0000000000    0.3464194512
   0.1500040225    0.3464194512
