  0.000000   0.000000   0.000000   0.000000
  0.025000   0.000000   0.000000   0.001917
  0.050000   0.000000   0.000000   0.003835
  0.075000   0.000000   0.000000   0.005752
  0.100000   0.000000   0.000000   0.007670
  0.125000   0.000000   0.000000   0.009587
  0.150000   0.000000   0.000000   0.011505
  0.175000   0.000000   0.000000   0.013422
  0.200000   0.000000   0.000000   0.015340
  0.225000   0.000000   0.000000   0.017257
  0.250000   0.000000   0.000000   0.019175
  0.275000   0.000000   0.000000   0.021092
  0.300000   0.000000   0.000000   0.023009
  0.325000   0.000000   0.000000   0.024927
  0.350000   0.000000   0.000000   0.026844
  0.375000   0.000000   0.000000   0.028762
  0.400000   0.000000   0.000000   0.030679
  0.425000   0.000000   0.000000   0.032597
  0.450000   0.000000   0.000000   0.034514
  0.475000   0.000000   0.000000   0.036432
  0.500000   0.000000   0.000000   0.038349
  0.491667   0.016667   0.000000   0.039456
  0.483333   0.033333   0.000000   0.040563
  0.475000   0.050000   0.000000   0.041670
  0.466667   0.066667   0.000000   0.042777
  0.458333   0.083333   0.000000   0.043884
  0.450000   0.100000   0.000000   0.044991
  0.441667   0.116667   0.000000   0.046098
  0.433333   0.133333   0.000000   0.047205
  0.425000   0.150000   0.000000   0.048312
  0.416667   0.166667   0.000000   0.049419
  0.408333   0.183333   0.000000   0.050527
  0.400000   0.200000   0.000000   0.051634
  0.391667   0.216667   0.000000   0.052741
  0.383333   0.233333   0.000000   0.053848
  0.375000   0.250000   0.000000   0.054955
  0.366667   0.266667   0.000000   0.056062
  0.358333   0.283333   0.000000   0.057169
  0.350000   0.300000   0.000000   0.058276
  0.341667   0.316667   0.000000   0.059383
  0.333333   0.333333   0.000000   0.060490
  0.316667   0.316667   0.000000   0.062704
  0.300000   0.300000   0.000000   0.064918
  0.283333   0.283333   0.000000   0.067132
  0.266667   0.266667   0.000000   0.069346
  0.250000   0.250000   0.000000   0.071560
  0.233333   0.233333   0.000000   0.073774
  0.216667   0.216667   0.000000   0.075989
  0.200000   0.200000   0.000000   0.078203
  0.183333   0.183333   0.000000   0.080417
  0.166667   0.166667   0.000000   0.082631
  0.150000   0.150000   0.000000   0.084845
  0.133333   0.133333   0.000000   0.087059
  0.116667   0.116667   0.000000   0.089273
  0.100000   0.100000   0.000000   0.091487
  0.083333   0.083333   0.000000   0.093701
  0.066667   0.066667   0.000000   0.095915
  0.050000   0.050000   0.000000   0.098129
  0.033333   0.033333   0.000000   0.100343
  0.016667   0.016667   0.000000   0.102558
  0.000000   0.000000   0.000000   0.104772
