   0.0383490681    0.0221408448
   0.0000000000    0.0885633791
  -0.0383490681    0.1549859134
  -0.0766981361    0.2214084477
   0.0000000000   -0.0442816895
  -0.0383490681    0.0221408448
  -0.0766981361    0.0885633791
  -0.1150472042    0.1549859134
  -0.0383490681   -0.1107042238
  -0.0766981361   -0.0442816895
  -0.1150472042    0.0221408448
  -0.1533962722    0.0885633791
  -0.0766981361   -0.1771267581
  -0.1150472042   -0.1107042238
  -0.1533962722   -0.0442816895
  -0.1917453403    0.0221408448
  -0.1533962722   -0.1771267581
  -0.1917453403   -0.1107042238
  -0.2300944084   -0.0442816895
   0.1150472042    0.0221408448
   0.0766981361   -0.0442816895
   0.0383490681   -0.1107042238
  -0.0000000000   -0.1771267581
   0.1917453403    0.0221408448
   0.1533962722   -0.0442816895
   0.1150472042   -0.1107042238
   0.0766981361   -0.1771267581
   0.2300944084   -0.0442816895
   0.1917453403   -0.1107042238
   0.1533962722   -0.1771267581
   0.0766981361    0.0885633791
   0.1533962722    0.0885633791
   0.0383490681    0.1549859134
   0.1150472042    0.1549859134
   0.0000000000    0.2214084477
   0.0766981361    0.2214084477
