   0.0439994153   -0.0254030743
   0.0000000000    0.0508061485
  -0.0439994153    0.1270153714
  -0.0879988306    0.2032245942
  -0.0000000000   -0.1016122971
  -0.0439994153   -0.0254030743
  -0.0879988306    0.0508061485
  -0.1319982459    0.1270153714
  -0.1759976612    0.2032245942
  -0.0439994153   -0.1778215199
  -0.0879988306   -0.1016122971
  -0.1319982459   -0.0254030743
  -0.1759976612    0.0508061485
  -0.2199970765    0.1270153714
  -0.0879988306   -0.2540307427
  -0.1319982459   -0.1778215199
  -0.1759976612   -0.1016122971
  -0.2199970765   -0.0254030743
  -0.2639964918    0.0508061485
   0.1319982459   -0.0254030743
   0.0879988306   -0.1016122971
   0.0439994153   -0.1778215199
  -0.0000000000   -0.2540307427
   0.2199970765   -0.0254030743
   0.1759976612   -0.1016122971
   0.1319982459   -0.1778215199
   0.0879988306   -0.2540307427
   0.0879988306    0.0508061485
   0.1759976612    0.0508061485
   0.2639964918    0.0508061485
   0.0439994153    0.1270153714
   0.1319982459    0.1270153714
   0.2199970765    0.1270153714
   0.0000000000    0.2032245942
   0.0879988306    0.2032245942
   0.1759976612    0.2032245942
