   0.0475135638   -0.0274319688
   0.0000000000    0.0548639376
  -0.0475135638    0.1371598441
  -0.0950271275    0.2194557506
  -0.0000000000   -0.1097278753
  -0.0475135638   -0.0274319688
  -0.0950271275    0.0548639376
  -0.1425406913    0.1371598441
  -0.1900542550    0.2194557506
  -0.0475135638   -0.1920237818
  -0.0950271275   -0.1097278753
  -0.1425406913   -0.0274319688
  -0.1900542550    0.0548639376
  -0.2375678188    0.1371598441
  -0.0950271275   -0.2743196882
  -0.1425406913   -0.1920237818
  -0.1900542550   -0.1097278753
  -0.2375678188   -0.0274319688
  -0.2850813825    0.0548639376
   0.1425406913   -0.0274319688
   0.0950271275   -0.1097278753
   0.0475135638   -0.1920237818
  -0.0000000000   -0.2743196882
   0.2375678188   -0.0274319688
   0.1900542550   -0.1097278753
   0.1425406913   -0.1920237818
   0.0950271275   -0.2743196882
   0.0950271275    0.0548639376
   0.1900542550    0.0548639376
   0.2850813825    0.0548639376
   0.0475135638    0.1371598441
   0.1425406913    0.1371598441
   0.2375678188    0.1371598441
   0.0000000000    0.2194557506
   0.0950271275    0.2194557506
   0.1900542550    0.2194557506
