   0.0516428184   -0.0298159951
   0.0000000000    0.0596319903
  -0.0516428184    0.1490799757
  -0.1032856369    0.2385279611
  -0.0000000000   -0.1192639805
  -0.0516428184   -0.0298159951
  -0.1032856369    0.0596319903
  -0.1549284553    0.1490799757
  -0.2065712738    0.2385279611
  -0.0516428184   -0.2087119659
  -0.1032856369   -0.1192639805
  -0.1549284553   -0.0298159951
  -0.2065712738    0.0596319903
  -0.2582140922    0.1490799757
  -0.1032856369   -0.2981599513
  -0.1549284553   -0.2087119659
  -0.2065712738   -0.1192639805
  -0.2582140922   -0.0298159951
  -0.3098569107    0.0596319903
   0.1549284553   -0.0298159951
   0.1032856369   -0.1192639805
   0.0516428184   -0.2087119659
  -0.0000000000   -0.2981599513
   0.2582140922   -0.0298159951
   0.2065712738   -0.1192639805
   0.1549284553   -0.2087119659
   0.1032856369   -0.2981599513
   0.1032856369    0.0596319903
   0.2065712738    0.0596319903
   0.3098569107    0.0596319903
   0.0516428184    0.1490799757
   0.1549284553    0.1490799757
   0.2582140922    0.1490799757
   0.0000000000    0.2385279611
   0.1032856369    0.2385279611
   0.2065712738    0.2385279611
