   0.0565627958    0.0326565454
   0.0000000000    0.1306261814
  -0.0565627958    0.2285958175
  -0.1131255915    0.3265654536
   0.0000000000   -0.0653130907
  -0.0565627958    0.0326565454
  -0.1131255915    0.1306261814
  -0.1696883873    0.2285958175
  -0.0565627958   -0.1632827268
  -0.1131255915   -0.0653130907
  -0.1696883873    0.0326565454
  -0.2262511830    0.1306261814
  -0.1131255915   -0.2612523629
  -0.1696883873   -0.1632827268
  -0.2262511830   -0.0653130907
  -0.2828139788    0.0326565454
  -0.2262511830   -0.2612523629
  -0.2828139788   -0.1632827268
  -0.3393767745   -0.0653130907
   0.1696883873    0.0326565454
   0.1131255915   -0.0653130907
   0.0565627958   -0.1632827268
  -0.0000000000   -0.2612523629
   0.2828139788    0.0326565454
   0.2262511830   -0.0653130907
   0.1696883873   -0.1632827268
   0.1131255915   -0.2612523629
   0.3393767745   -0.0653130907
   0.2828139788   -0.1632827268
   0.2262511830   -0.2612523629
   0.1131255915    0.1306261814
   0.2262511830    0.1306261814
   0.0565627958    0.2285958175
   0.1696883873    0.2285958175
   0.0000000000    0.3265654536
   0.1131255915    0.3265654536
