   0.0698513161    0.0403286761
   0.0000000000    0.1613147046
  -0.0698513161    0.2823007330
   0.0000000000   -0.0806573523
  -0.0698513161    0.0403286761
  -0.1397026322    0.1613147046
  -0.2095539483    0.2823007330
  -0.0698513161   -0.2016433807
  -0.1397026322   -0.0806573523
  -0.2095539483    0.0403286761
  -0.2794052643    0.1613147046
  -0.1397026322   -0.3226294092
  -0.2095539483   -0.2016433807
  -0.2794052643   -0.0806573523
  -0.3492565804    0.0403286761
  -0.3492565804   -0.2016433807
   0.2095539483    0.0403286761
   0.1397026322   -0.0806573523
   0.0698513161   -0.2016433807
  -0.0000000000   -0.3226294092
   0.3492565804    0.0403286761
   0.2794052643   -0.0806573523
   0.2095539483   -0.2016433807
   0.1397026322   -0.3226294092
   0.3492565804   -0.2016433807
   0.1397026322    0.1613147046
   0.2794052643    0.1613147046
   0.0698513161    0.2823007330
   0.2095539483    0.2823007330
   0.0000000000    0.4032867614
