   0.0625021842    0.0360856529
   0.0000000000    0.1443426115
  -0.0625021842    0.2525995701
   0.0000000000   -0.0721713057
  -0.0625021842    0.0360856529
  -0.1250043684    0.1443426115
  -0.1875065526    0.2525995701
  -0.0625021842   -0.1804282644
  -0.1250043684   -0.0721713057
  -0.1875065526    0.0360856529
  -0.2500087368    0.1443426115
  -0.1250043684   -0.2886852230
  -0.1875065526   -0.1804282644
  -0.2500087368   -0.0721713057
  -0.3125109210    0.0360856529
  -0.3125109210   -0.1804282644
   0.1875065526    0.0360856529
   0.1250043684   -0.0721713057
   0.0625021842   -0.1804282644
  -0.0000000000   -0.2886852230
   0.3125109210    0.0360856529
   0.2500087368   -0.0721713057
   0.1875065526   -0.1804282644
   0.1250043684   -0.2886852230
   0.3125109210   -0.1804282644
   0.1250043684    0.1443426115
   0.2500087368    0.1443426115
   0.0625021842    0.2525995701
   0.1875065526    0.2525995701
   0.0000000000    0.3608565287
